255 255 255 255 255 255 255 255 255 255 255 255 255 255 255 255
255 244 206 206 206 206 206 224 229 238 212 249 223 225 240 255
255 206  23  77  77  77  59  99 122 121  29 234 143 147 205 255
255 206  77 165 104 113 188 100 198  45 135 120 252 255 255 255
255 206  77 104   0  15 181 100 254 218 247 208 254 255 255 255
255 206  77 113  15  29 182 100 255 255 240  57 251 130 197 255
255 206  59 188 181 182 152 100 225 236 192  71 195 221 250 255
255 224  99 100 100 100 100 159 174 133  28 225   5 153 255 255
255 229 122 122 122 130 245 202 189  73 120 109  49 204 254 255
255 238 121 109 186 179 124 153 131  70  70 186 147  71 202 255
255 212  29 156 241 237 236 144 122  63  31 253 237  92 184 255
255 249 234 255  73  39 168  17   0  28 213 227  95 100 184 255
255 223 143 199 232 166 133 186  43 108  25 154 150 100 184 255
255 225 100  40  79 142 137 192  48 105  10  10  98 131 226 255
255 240 184 184 184 240 204 226 184 232 189 184 184 226 255 255
255 255 255 255 255 255 255 255 255 255 255 255 255 255 255 255
255 255 255 255 255 255 255 255 255 255 255 255 255 255 255 255
255 244 206 206 206 206 206 224 229 238 212 249 223 225 240 255
255 206  23  77  77  77  59  99 122 121  29 234 143 147 205 255
255 206  77 165 104 113 188 100 198  45 135 120 252 255 255 255
255 206  77 104   0  15 181 100 254 218 247 208 254 255 255 255
255 206  77 113  15  29 182 100 255 255 240  57 251 130 197 255
255 206  59 188 181 182 152 100 225 236 192  71 195 221 250 255
255 224  99 100 100 100 100 159 174 133  28 225   5 153 255 255
255 229 122 122 122 130 245 202 189  73 120 109  49 204 254 255
255 238 121 109 186 179 124 153 131  70  70 186 147  71 202 255
255 212  29 156 241 237 236 144 122  63  31 253 237  92 184 255
255 249 234 255  73  39 168  17   0  28 213 227  95 100 184 255
255 223 143 199 232 166 133 186  43 108  25 154 150 100 184 255
255 225 100  40  79 142 137 192  48 105  10  10  98 131 226 255
255 240 184 184 184 240 204 226 184 232 189 184 184 226 255 255
255 255 255 255 255 255 255 255 255 255 255 255 255 255 255 255
255 255 255 255 255 255 255 255 255 255 255 255 255 255 255 255
255 244 206 206 206 206 206 224 229 238 212 249 223 225 240 255
255 206  23  77  77  77  59  99 122 121  29 234 143 147 205 255
255 206  77 165 104 113 188 100 198  45 135 120 252 255 255 255
255 206  77 104   0  15 181 100 254 218 247 208 254 255 255 255
255 206  77 113  15  29 182 100 255 255 240  57 251 130 197 255
255 206  59 188 181 182 152 100 225 236 192  71 195 221 250 255
255 224  99 100 100 100 100 159 174 133  28 225   5 153 255 255
255 229 122 122 122 130 245 202 189  73 120 109  49 204 254 255
255 238 121 109 186 179 124 153 131  70  70 186 147  71 202 255
255 212  29 156 241 237 236 144 122  63  31 253 237  92 184 255
255 249 234 255  73  39 168  17   0  28 213 227  95 100 184 255
255 223 143 199 232 166 133 186  43 108  25 154 150 100 184 255
255 225 100  40  79 142 137 192  48 105  10  10  98 131 226 255
255 240 184 184 184 240 204 226 184 232 189 184 184 226 255 255
255 255 255 255 255 255 255 255 255 255 255 255 255 255 255 255

255 255 255 255 255 255 255 255 255 255 255 255 255 255 255 255
255 240 205 255 255 197 250 255 254 202 184 184 184 226 255 255
255 225 147 255 255 130 221 153 204  71  92 100 100 131 226 255
255 223 143 252 254 251 195   5  49 147 237  95 150  98 184 255
255 249 234 120 208  57  71 225 109 186 253 227 154  10 184 255
255 212  29 135 247 240 192  28 120  70  31 213  25  10 189 255
255 238 121  45 218 255 236 133  73  70  63  28 108 105 232 255
255 229 122 198 254 255 225 174 189 131 122   0  43  48 184 255
255 224  99 100 100 100 100 159 202 153 144  17 186 192 226 255
255 206  59 188 181 182 152 100 245 124 236 168 133 137 204 255
255 206  77 113  15  29 182 100 130 179 237  39 166 142 240 255
255 206  77 104   0  15 181 100 122 186 241  73 232  79 184 255
255 206  77 165 104 113 188 100 122 109 156 255 199  40 184 255
255 206  23  77  77  77  59  99 122 121  29 234 143 100 184 255
255 244 206 206 206 206 206 224 229 238 212 249 223 225 240 255
255 255 255 255 255 255 255 255 255 255 255 255 255 255 255 255
255 255 255 255 255 255 255 255 255 255 255 255 255 255 255 255
255 240 205 255 255 197 250 255 254 202 184 184 184 226 255 255
255 225 147 255 255 130 221 153 204  71  92 100 100 131 226 255
255 223 143 252 254 251 195   5  49 147 237  95 150  98 184 255
255 249 234 120 208  57  71 225 109 186 253 227 154  10 184 255
255 212  29 135 247 240 192  28 120  70  31 213  25  10 189 255
255 238 121  45 218 255 236 133  73  70  63  28 108 105 232 255
255 229 122 198 254 255 225 174 189 131 122   0  43  48 184 255
255 224  99 100 100 100 100 159 202 153 144  17 186 192 226 255
255 206  59 188 181 182 152 100 245 124 236 168 133 137 204 255
255 206  77 113  15  29 182 100 130 179 237  39 166 142 240 255
255 206  77 104   0  15 181 100 122 186 241  73 232  79 184 255
255 206  77 165 104 113 188 100 122 109 156 255 199  40 184 255
255 206  23  77  77  77  59  99 122 121  29 234 143 100 184 255
255 244 206 206 206 206 206 224 229 238 212 249 223 225 240 255
255 255 255 255 255 255 255 255 255 255 255 255 255 255 255 255
255 255 255 255 255 255 255 255 255 255 255 255 255 255 255 255
255 240 205 255 255 197 250 255 254 202 184 184 184 226 255 255
255 225 147 255 255 130 221 153 204  71  92 100 100 131 226 255
255 223 143 252 254 251 195   5  49 147 237  95 150  98 184 255
255 249 234 120 208  57  71 225 109 186 253 227 154  10 184 255
255 212  29 135 247 240 192  28 120  70  31 213  25  10 189 255
255 238 121  45 218 255 236 133  73  70  63  28 108 105 232 255
255 229 122 198 254 255 225 174 189 131 122   0  43  48 184 255
255 224  99 100 100 100 100 159 202 153 144  17 186 192 226 255
255 206  59 188 181 182 152 100 245 124 236 168 133 137 204 255
255 206  77 113  15  29 182 100 130 179 237  39 166 142 240 255
255 206  77 104   0  15 181 100 122 186 241  73 232  79 184 255
255 206  77 165 104 113 188 100 122 109 156 255 199  40 184 255
255 206  23  77  77  77  59  99 122 121  29 234 143 100 184 255
255 244 206 206 206 206 206 224 229 238 212 249 223 225 240 255
255 255 255 255 255 255 255 255 255 255 255 255 255 255 255 255

255 255 255 255 255 255 255 255 255 255 255 255 255 255 255 255
255 255 226 184 184 189 232 184 226 204 240 184 184 184 240 255
255 226 131  98  10  10 105  48 192 137 142  79  40 100 225 255
255 184 100 150 154  25 108  43 186 133 166 232 199 143 223 255
255 184 100  95 227 213  28   0  17 168  39  73 255 234 249 255
255 184  92 237 253  31  63 122 144 236 237 241 156  29 212 255
255 202  71 147 186  70  70 131 153 124 179 186 109 121 238 255
255 254 204  49 109 120  73 189 202 245 130 122 122 122 229 255
255 255 153   5 225  28 133 174 159 100 100 100 100  99 224 255
255 250 221 195  71 192 236 225 100 152 182 181 188  59 206 255
255 197 130 251  57 240 255 255 100 182  29  15 113  77 206 255
255 255 255 254 208 247 218 254 100 181  15   0 104  77 206 255
255 255 255 252 120 135  45 198 100 188 113 104 165  77 206 255
255 205 147 143 234  29 121 122  99  59  77  77  77  23 206 255
255 240 225 223 249 212 238 229 224 206 206 206 206 206 244 255
255 255 255 255 255 255 255 255 255 255 255 255 255 255 255 255
255 255 255 255 255 255 255 255 255 255 255 255 255 255 255 255
255 255 226 184 184 189 232 184 226 204 240 184 184 184 240 255
255 226 131  98  10  10 105  48 192 137 142  79  40 100 225 255
255 184 100 150 154  25 108  43 186 133 166 232 199 143 223 255
255 184 100  95 227 213  28   0  17 168  39  73 255 234 249 255
255 184  92 237 253  31  63 122 144 236 237 241 156  29 212 255
255 202  71 147 186  70  70 131 153 124 179 186 109 121 238 255
255 254 204  49 109 120  73 189 202 245 130 122 122 122 229 255
255 255 153   5 225  28 133 174 159 100 100 100 100  99 224 255
255 250 221 195  71 192 236 225 100 152 182 181 188  59 206 255
255 197 130 251  57 240 255 255 100 182  29  15 113  77 206 255
255 255 255 254 208 247 218 254 100 181  15   0 104  77 206 255
255 255 255 252 120 135  45 198 100 188 113 104 165  77 206 255
255 205 147 143 234  29 121 122  99  59  77  77  77  23 206 255
255 240 225 223 249 212 238 229 224 206 206 206 206 206 244 255
255 255 255 255 255 255 255 255 255 255 255 255 255 255 255 255
255 255 255 255 255 255 255 255 255 255 255 255 255 255 255 255
255 255 226 184 184 189 232 184 226 204 240 184 184 184 240 255
255 226 131  98  10  10 105  48 192 137 142  79  40 100 225 255
255 184 100 150 154  25 108  43 186 133 166 232 199 143 223 255
255 184 100  95 227 213  28   0  17 168  39  73 255 234 249 255
255 184  92 237 253  31  63 122 144 236 237 241 156  29 212 255
255 202  71 147 186  70  70 131 153 124 179 186 109 121 238 255
255 254 204  49 109 120  73 189 202 245 130 122 122 122 229 255
255 255 153   5 225  28 133 174 159 100 100 100 100  99 224 255
255 250 221 195  71 192 236 225 100 152 182 181 188  59 206 255
255 197 130 251  57 240 255 255 100 182  29  15 113  77 206 255
255 255 255 254 208 247 218 254 100 181  15   0 104  77 206 255
255 255 255 252 120 135  45 198 100 188 113 104 165  77 206 255
255 205 147 143 234  29 121 122  99  59  77  77  77  23 206 255
255 240 225 223 249 212 238 229 224 206 206 206 206 206 244 255
255 255 255 255 255 255 255 255 255 255 255 255 255 255 255 255

255 255 255 255 255 255 255 255 255 255 255 255 255 255 255 255
255 240 225 223 249 212 238 229 224 206 206 206 206 206 244 255
255 184 100 143 234  29 121 122  99  59  77  77  77  23 206 255
255 184  40 199 255 156 109 122 100 188 113 104 165  77 206 255
255 184  79 232  73 241 186 122 100 181  15   0 104  77 206 255
255 240 142 166  39 237 179 130 100 182  29  15 113  77 206 255
255 204 137 133 168 236 124 245 100 152 182 181 188  59 206 255
255 226 192 186  17 144 153 202 159 100 100 100 100  99 224 255
255 184  48  43   0 122 131 189 174 225 255 254 198 122 229 255
255 232 105 108  28  63  70  73 133 236 255 218  45 121 238 255
255 189  10  25 213  31  70 120  28 192 240 247 135  29 212 255
255 184  10 154 227 253 186 109 225  71  57 208 120 234 249 255
255 184  98 150  95 237 147  49   5 195 251 254 252 143 223 255
255 226 131 100 100  92  71 204 153 221 130 255 255 147 225 255
255 255 226 184 184 184 202 254 255 250 197 255 255 205 240 255
255 255 255 255 255 255 255 255 255 255 255 255 255 255 255 255
255 255 255 255 255 255 255 255 255 255 255 255 255 255 255 255
255 240 225 223 249 212 238 229 224 206 206 206 206 206 244 255
255 184 100 143 234  29 121 122  99  59  77  77  77  23 206 255
255 184  40 199 255 156 109 122 100 188 113 104 165  77 206 255
255 184  79 232  73 241 186 122 100 181  15   0 104  77 206 255
255 240 142 166  39 237 179 130 100 182  29  15 113  77 206 255
255 204 137 133 168 236 124 245 100 152 182 181 188  59 206 255
255 226 192 186  17 144 153 202 159 100 100 100 100  99 224 255
255 184  48  43   0 122 131 189 174 225 255 254 198 122 229 255
255 232 105 108  28  63  70  73 133 236 255 218  45 121 238 255
255 189  10  25 213  31  70 120  28 192 240 247 135  29 212 255
255 184  10 154 227 253 186 109 225  71  57 208 120 234 249 255
255 184  98 150  95 237 147  49   5 195 251 254 252 143 223 255
255 226 131 100 100  92  71 204 153 221 130 255 255 147 225 255
255 255 226 184 184 184 202 254 255 250 197 255 255 205 240 255
255 255 255 255 255 255 255 255 255 255 255 255 255 255 255 255
255 255 255 255 255 255 255 255 255 255 255 255 255 255 255 255
255 240 225 223 249 212 238 229 224 206 206 206 206 206 244 255
255 184 100 143 234  29 121 122  99  59  77  77  77  23 206 255
255 184  40 199 255 156 109 122 100 188 113 104 165  77 206 255
255 184  79 232  73 241 186 122 100 181  15   0 104  77 206 255
255 240 142 166  39 237 179 130 100 182  29  15 113  77 206 255
255 204 137 133 168 236 124 245 100 152 182 181 188  59 206 255
255 226 192 186  17 144 153 202 159 100 100 100 100  99 224 255
255 184  48  43   0 122 131 189 174 225 255 254 198 122 229 255
255 232 105 108  28  63  70  73 133 236 255 218  45 121 238 255
255 189  10  25 213  31  70 120  28 192 240 247 135  29 212 255
255 184  10 154 227 253 186 109 225  71  57 208 120 234 249 255
255 184  98 150  95 237 147  49   5 195 251 254 252 143 223 255
255 226 131 100 100  92  71 204 153 221 130 255 255 147 225 255
255 255 226 184 184 184 202 254 255 250 197 255 255 205 240 255
255 255 255 255 255 255 255 255 255 255 255 255 255 255 255 255
